{
 "cells": [
  {
   "cell_type": "code",
   "execution_count": 1,
   "metadata": {},
   "outputs": [],
   "source": [
    "import pandas as pd\n",
    "import numpy as np\n",
    "import matplotlib.pyplot as plt\n",
    "%matplotlib inline\n",
    "#pd.options.display.float_format = '{:.1f}'.format # 지수 변환 방지"
   ]
  },
  {
   "cell_type": "code",
   "execution_count": 2,
   "metadata": {
    "scrolled": false
   },
   "outputs": [
    {
     "data": {
      "text/html": [
       "<div>\n",
       "<style scoped>\n",
       "    .dataframe tbody tr th:only-of-type {\n",
       "        vertical-align: middle;\n",
       "    }\n",
       "\n",
       "    .dataframe tbody tr th {\n",
       "        vertical-align: top;\n",
       "    }\n",
       "\n",
       "    .dataframe thead th {\n",
       "        text-align: right;\n",
       "    }\n",
       "</style>\n",
       "<table border=\"1\" class=\"dataframe\">\n",
       "  <thead>\n",
       "    <tr style=\"text-align: right;\">\n",
       "      <th></th>\n",
       "      <th>custid</th>\n",
       "      <th>gender</th>\n",
       "      <th>총구매액</th>\n",
       "      <th>구매건수</th>\n",
       "      <th>평균구매가격</th>\n",
       "      <th>평균할부개월수</th>\n",
       "      <th>구매브랜드종류</th>\n",
       "      <th>내점일수</th>\n",
       "      <th>수입상품_구매비율</th>\n",
       "      <th>주말방문비율</th>\n",
       "      <th>가을_구매건수</th>\n",
       "      <th>겨울_구매건수</th>\n",
       "      <th>봄_구매건수</th>\n",
       "      <th>여름_구매건수</th>\n",
       "      <th>아침_구매건수</th>\n",
       "      <th>저녁_구매건수</th>\n",
       "      <th>점심_구매건수</th>\n",
       "      <th>주구매코너</th>\n",
       "    </tr>\n",
       "  </thead>\n",
       "  <tbody>\n",
       "    <tr>\n",
       "      <th>0</th>\n",
       "      <td>18</td>\n",
       "      <td>0</td>\n",
       "      <td>680100</td>\n",
       "      <td>15</td>\n",
       "      <td>45340</td>\n",
       "      <td>1.7</td>\n",
       "      <td>9</td>\n",
       "      <td>10</td>\n",
       "      <td>26.7</td>\n",
       "      <td>100.0</td>\n",
       "      <td>NaN</td>\n",
       "      <td>9.0</td>\n",
       "      <td>6.0</td>\n",
       "      <td>NaN</td>\n",
       "      <td>NaN</td>\n",
       "      <td>6.0</td>\n",
       "      <td>9.0</td>\n",
       "      <td>화장품</td>\n",
       "    </tr>\n",
       "    <tr>\n",
       "      <th>1</th>\n",
       "      <td>21</td>\n",
       "      <td>0</td>\n",
       "      <td>353450</td>\n",
       "      <td>9</td>\n",
       "      <td>39272</td>\n",
       "      <td>1.2</td>\n",
       "      <td>6</td>\n",
       "      <td>8</td>\n",
       "      <td>11.1</td>\n",
       "      <td>37.5</td>\n",
       "      <td>NaN</td>\n",
       "      <td>5.0</td>\n",
       "      <td>4.0</td>\n",
       "      <td>NaN</td>\n",
       "      <td>3.0</td>\n",
       "      <td>NaN</td>\n",
       "      <td>6.0</td>\n",
       "      <td>영캐주얼</td>\n",
       "    </tr>\n",
       "    <tr>\n",
       "      <th>2</th>\n",
       "      <td>23</td>\n",
       "      <td>0</td>\n",
       "      <td>5671400</td>\n",
       "      <td>36</td>\n",
       "      <td>157539</td>\n",
       "      <td>2.8</td>\n",
       "      <td>22</td>\n",
       "      <td>16</td>\n",
       "      <td>5.6</td>\n",
       "      <td>37.5</td>\n",
       "      <td>7.0</td>\n",
       "      <td>17.0</td>\n",
       "      <td>12.0</td>\n",
       "      <td>NaN</td>\n",
       "      <td>10.0</td>\n",
       "      <td>11.0</td>\n",
       "      <td>15.0</td>\n",
       "      <td>장신구</td>\n",
       "    </tr>\n",
       "    <tr>\n",
       "      <th>3</th>\n",
       "      <td>26</td>\n",
       "      <td>0</td>\n",
       "      <td>1964000</td>\n",
       "      <td>28</td>\n",
       "      <td>70143</td>\n",
       "      <td>1.4</td>\n",
       "      <td>15</td>\n",
       "      <td>14</td>\n",
       "      <td>39.3</td>\n",
       "      <td>28.6</td>\n",
       "      <td>5.0</td>\n",
       "      <td>8.0</td>\n",
       "      <td>15.0</td>\n",
       "      <td>NaN</td>\n",
       "      <td>NaN</td>\n",
       "      <td>18.0</td>\n",
       "      <td>10.0</td>\n",
       "      <td>화장품</td>\n",
       "    </tr>\n",
       "    <tr>\n",
       "      <th>4</th>\n",
       "      <td>35</td>\n",
       "      <td>0</td>\n",
       "      <td>885000</td>\n",
       "      <td>5</td>\n",
       "      <td>177000</td>\n",
       "      <td>6.0</td>\n",
       "      <td>5</td>\n",
       "      <td>2</td>\n",
       "      <td>0.0</td>\n",
       "      <td>100.0</td>\n",
       "      <td>NaN</td>\n",
       "      <td>NaN</td>\n",
       "      <td>5.0</td>\n",
       "      <td>NaN</td>\n",
       "      <td>NaN</td>\n",
       "      <td>5.0</td>\n",
       "      <td>NaN</td>\n",
       "      <td>피혁A</td>\n",
       "    </tr>\n",
       "  </tbody>\n",
       "</table>\n",
       "</div>"
      ],
      "text/plain": [
       "   custid  gender     총구매액  구매건수  평균구매가격  평균할부개월수  구매브랜드종류  내점일수  수입상품_구매비율  \\\n",
       "0      18       0   680100    15   45340      1.7        9    10       26.7   \n",
       "1      21       0   353450     9   39272      1.2        6     8       11.1   \n",
       "2      23       0  5671400    36  157539      2.8       22    16        5.6   \n",
       "3      26       0  1964000    28   70143      1.4       15    14       39.3   \n",
       "4      35       0   885000     5  177000      6.0        5     2        0.0   \n",
       "\n",
       "   주말방문비율  가을_구매건수  겨울_구매건수  봄_구매건수  여름_구매건수  아침_구매건수  저녁_구매건수  점심_구매건수 주구매코너  \n",
       "0   100.0      NaN      9.0     6.0      NaN      NaN      6.0      9.0   화장품  \n",
       "1    37.5      NaN      5.0     4.0      NaN      3.0      NaN      6.0  영캐주얼  \n",
       "2    37.5      7.0     17.0    12.0      NaN     10.0     11.0     15.0   장신구  \n",
       "3    28.6      5.0      8.0    15.0      NaN      NaN     18.0     10.0   화장품  \n",
       "4   100.0      NaN      NaN     5.0      NaN      NaN      5.0      NaN   피혁A  "
      ]
     },
     "execution_count": 2,
     "metadata": {},
     "output_type": "execute_result"
    }
   ],
   "source": [
    "data = pd.read_csv('data/train.csv', encoding='CP949')\n",
    "data.head()"
   ]
  },
  {
   "cell_type": "code",
   "execution_count": 3,
   "metadata": {},
   "outputs": [
    {
     "data": {
      "text/html": [
       "<div>\n",
       "<style scoped>\n",
       "    .dataframe tbody tr th:only-of-type {\n",
       "        vertical-align: middle;\n",
       "    }\n",
       "\n",
       "    .dataframe tbody tr th {\n",
       "        vertical-align: top;\n",
       "    }\n",
       "\n",
       "    .dataframe thead th {\n",
       "        text-align: right;\n",
       "    }\n",
       "</style>\n",
       "<table border=\"1\" class=\"dataframe\">\n",
       "  <thead>\n",
       "    <tr style=\"text-align: right;\">\n",
       "      <th></th>\n",
       "      <th>custid</th>\n",
       "      <th>총구매액</th>\n",
       "      <th>구매건수</th>\n",
       "      <th>평균구매가격</th>\n",
       "      <th>평균할부개월수</th>\n",
       "      <th>구매브랜드종류</th>\n",
       "      <th>내점일수</th>\n",
       "      <th>수입상품_구매비율</th>\n",
       "      <th>주말방문비율</th>\n",
       "      <th>가을_구매건수</th>\n",
       "      <th>겨울_구매건수</th>\n",
       "      <th>봄_구매건수</th>\n",
       "      <th>여름_구매건수</th>\n",
       "      <th>아침_구매건수</th>\n",
       "      <th>저녁_구매건수</th>\n",
       "      <th>점심_구매건수</th>\n",
       "      <th>주구매코너</th>\n",
       "    </tr>\n",
       "  </thead>\n",
       "  <tbody>\n",
       "    <tr>\n",
       "      <th>0</th>\n",
       "      <td>100001</td>\n",
       "      <td>3439000</td>\n",
       "      <td>25</td>\n",
       "      <td>137560</td>\n",
       "      <td>2.2</td>\n",
       "      <td>19</td>\n",
       "      <td>16</td>\n",
       "      <td>12.0</td>\n",
       "      <td>31.2</td>\n",
       "      <td>5.0</td>\n",
       "      <td>4.0</td>\n",
       "      <td>7.0</td>\n",
       "      <td>9.0</td>\n",
       "      <td>13.0</td>\n",
       "      <td>1.0</td>\n",
       "      <td>11.0</td>\n",
       "      <td>장신구</td>\n",
       "    </tr>\n",
       "    <tr>\n",
       "      <th>1</th>\n",
       "      <td>100002</td>\n",
       "      <td>2073090</td>\n",
       "      <td>39</td>\n",
       "      <td>53156</td>\n",
       "      <td>1.3</td>\n",
       "      <td>18</td>\n",
       "      <td>29</td>\n",
       "      <td>0.0</td>\n",
       "      <td>20.7</td>\n",
       "      <td>13.0</td>\n",
       "      <td>8.0</td>\n",
       "      <td>10.0</td>\n",
       "      <td>8.0</td>\n",
       "      <td>4.0</td>\n",
       "      <td>10.0</td>\n",
       "      <td>25.0</td>\n",
       "      <td>유아동복</td>\n",
       "    </tr>\n",
       "    <tr>\n",
       "      <th>2</th>\n",
       "      <td>100003</td>\n",
       "      <td>1303800</td>\n",
       "      <td>22</td>\n",
       "      <td>59264</td>\n",
       "      <td>1.8</td>\n",
       "      <td>14</td>\n",
       "      <td>12</td>\n",
       "      <td>0.0</td>\n",
       "      <td>41.7</td>\n",
       "      <td>6.0</td>\n",
       "      <td>7.0</td>\n",
       "      <td>3.0</td>\n",
       "      <td>6.0</td>\n",
       "      <td>3.0</td>\n",
       "      <td>1.0</td>\n",
       "      <td>18.0</td>\n",
       "      <td>유아동복</td>\n",
       "    </tr>\n",
       "    <tr>\n",
       "      <th>3</th>\n",
       "      <td>100004</td>\n",
       "      <td>6696522</td>\n",
       "      <td>46</td>\n",
       "      <td>145577</td>\n",
       "      <td>1.7</td>\n",
       "      <td>31</td>\n",
       "      <td>22</td>\n",
       "      <td>37.0</td>\n",
       "      <td>50.0</td>\n",
       "      <td>5.0</td>\n",
       "      <td>15.0</td>\n",
       "      <td>9.0</td>\n",
       "      <td>17.0</td>\n",
       "      <td>NaN</td>\n",
       "      <td>4.0</td>\n",
       "      <td>42.0</td>\n",
       "      <td>수입명품</td>\n",
       "    </tr>\n",
       "    <tr>\n",
       "      <th>4</th>\n",
       "      <td>100005</td>\n",
       "      <td>1297640</td>\n",
       "      <td>26</td>\n",
       "      <td>49909</td>\n",
       "      <td>2.3</td>\n",
       "      <td>13</td>\n",
       "      <td>9</td>\n",
       "      <td>11.5</td>\n",
       "      <td>22.2</td>\n",
       "      <td>18.0</td>\n",
       "      <td>NaN</td>\n",
       "      <td>5.0</td>\n",
       "      <td>3.0</td>\n",
       "      <td>NaN</td>\n",
       "      <td>NaN</td>\n",
       "      <td>26.0</td>\n",
       "      <td>스포츠</td>\n",
       "    </tr>\n",
       "  </tbody>\n",
       "</table>\n",
       "</div>"
      ],
      "text/plain": [
       "   custid     총구매액  구매건수  평균구매가격  평균할부개월수  구매브랜드종류  내점일수  수입상품_구매비율  주말방문비율  \\\n",
       "0  100001  3439000    25  137560      2.2       19    16       12.0    31.2   \n",
       "1  100002  2073090    39   53156      1.3       18    29        0.0    20.7   \n",
       "2  100003  1303800    22   59264      1.8       14    12        0.0    41.7   \n",
       "3  100004  6696522    46  145577      1.7       31    22       37.0    50.0   \n",
       "4  100005  1297640    26   49909      2.3       13     9       11.5    22.2   \n",
       "\n",
       "   가을_구매건수  겨울_구매건수  봄_구매건수  여름_구매건수  아침_구매건수  저녁_구매건수  점심_구매건수 주구매코너  \n",
       "0      5.0      4.0     7.0      9.0     13.0      1.0     11.0   장신구  \n",
       "1     13.0      8.0    10.0      8.0      4.0     10.0     25.0  유아동복  \n",
       "2      6.0      7.0     3.0      6.0      3.0      1.0     18.0  유아동복  \n",
       "3      5.0     15.0     9.0     17.0      NaN      4.0     42.0  수입명품  \n",
       "4     18.0      NaN     5.0      3.0      NaN      NaN     26.0   스포츠  "
      ]
     },
     "execution_count": 3,
     "metadata": {},
     "output_type": "execute_result"
    }
   ],
   "source": [
    "test = pd.read_csv('data/test.csv', encoding='CP949')\n",
    "test.head()"
   ]
  },
  {
   "cell_type": "markdown",
   "metadata": {},
   "source": [
    "# 데이터 탐색(EDA)"
   ]
  },
  {
   "cell_type": "code",
   "execution_count": 4,
   "metadata": {},
   "outputs": [
    {
     "data": {
      "text/html": [
       "<div>\n",
       "<style scoped>\n",
       "    .dataframe tbody tr th:only-of-type {\n",
       "        vertical-align: middle;\n",
       "    }\n",
       "\n",
       "    .dataframe tbody tr th {\n",
       "        vertical-align: top;\n",
       "    }\n",
       "\n",
       "    .dataframe thead th {\n",
       "        text-align: right;\n",
       "    }\n",
       "</style>\n",
       "<table border=\"1\" class=\"dataframe\">\n",
       "  <thead>\n",
       "    <tr style=\"text-align: right;\">\n",
       "      <th></th>\n",
       "      <th>custid</th>\n",
       "      <th>gender</th>\n",
       "      <th>총구매액</th>\n",
       "      <th>구매건수</th>\n",
       "      <th>평균구매가격</th>\n",
       "      <th>평균할부개월수</th>\n",
       "      <th>구매브랜드종류</th>\n",
       "      <th>내점일수</th>\n",
       "      <th>수입상품_구매비율</th>\n",
       "      <th>주말방문비율</th>\n",
       "      <th>가을_구매건수</th>\n",
       "      <th>겨울_구매건수</th>\n",
       "      <th>봄_구매건수</th>\n",
       "      <th>여름_구매건수</th>\n",
       "      <th>아침_구매건수</th>\n",
       "      <th>저녁_구매건수</th>\n",
       "      <th>점심_구매건수</th>\n",
       "    </tr>\n",
       "  </thead>\n",
       "  <tbody>\n",
       "    <tr>\n",
       "      <th>custid</th>\n",
       "      <td>1.000000</td>\n",
       "      <td>0.262472</td>\n",
       "      <td>0.217251</td>\n",
       "      <td>0.218914</td>\n",
       "      <td>0.117939</td>\n",
       "      <td>0.093048</td>\n",
       "      <td>0.154303</td>\n",
       "      <td>0.212969</td>\n",
       "      <td>-0.017958</td>\n",
       "      <td>-0.162393</td>\n",
       "      <td>0.169628</td>\n",
       "      <td>0.164004</td>\n",
       "      <td>0.189248</td>\n",
       "      <td>0.209086</td>\n",
       "      <td>0.170199</td>\n",
       "      <td>0.025959</td>\n",
       "      <td>0.245526</td>\n",
       "    </tr>\n",
       "    <tr>\n",
       "      <th>gender</th>\n",
       "      <td>0.262472</td>\n",
       "      <td>1.000000</td>\n",
       "      <td>0.099137</td>\n",
       "      <td>0.094022</td>\n",
       "      <td>0.072181</td>\n",
       "      <td>-0.020066</td>\n",
       "      <td>0.083988</td>\n",
       "      <td>0.084255</td>\n",
       "      <td>-0.021294</td>\n",
       "      <td>0.020457</td>\n",
       "      <td>0.082396</td>\n",
       "      <td>0.062853</td>\n",
       "      <td>0.073478</td>\n",
       "      <td>0.098237</td>\n",
       "      <td>0.117025</td>\n",
       "      <td>-0.017439</td>\n",
       "      <td>0.098814</td>\n",
       "    </tr>\n",
       "    <tr>\n",
       "      <th>총구매액</th>\n",
       "      <td>0.217251</td>\n",
       "      <td>0.099137</td>\n",
       "      <td>1.000000</td>\n",
       "      <td>0.712183</td>\n",
       "      <td>0.376395</td>\n",
       "      <td>0.137335</td>\n",
       "      <td>0.714774</td>\n",
       "      <td>0.617210</td>\n",
       "      <td>-0.048053</td>\n",
       "      <td>-0.048515</td>\n",
       "      <td>0.636912</td>\n",
       "      <td>0.598012</td>\n",
       "      <td>0.621589</td>\n",
       "      <td>0.600210</td>\n",
       "      <td>0.411808</td>\n",
       "      <td>0.375806</td>\n",
       "      <td>0.705898</td>\n",
       "    </tr>\n",
       "    <tr>\n",
       "      <th>구매건수</th>\n",
       "      <td>0.218914</td>\n",
       "      <td>0.094022</td>\n",
       "      <td>0.712183</td>\n",
       "      <td>1.000000</td>\n",
       "      <td>-0.057376</td>\n",
       "      <td>-0.037878</td>\n",
       "      <td>0.869075</td>\n",
       "      <td>0.942115</td>\n",
       "      <td>-0.210022</td>\n",
       "      <td>-0.096558</td>\n",
       "      <td>0.890560</td>\n",
       "      <td>0.872558</td>\n",
       "      <td>0.891125</td>\n",
       "      <td>0.879405</td>\n",
       "      <td>0.643542</td>\n",
       "      <td>0.631686</td>\n",
       "      <td>0.944120</td>\n",
       "    </tr>\n",
       "    <tr>\n",
       "      <th>평균구매가격</th>\n",
       "      <td>0.117939</td>\n",
       "      <td>0.072181</td>\n",
       "      <td>0.376395</td>\n",
       "      <td>-0.057376</td>\n",
       "      <td>1.000000</td>\n",
       "      <td>0.407556</td>\n",
       "      <td>0.002931</td>\n",
       "      <td>-0.091136</td>\n",
       "      <td>0.189608</td>\n",
       "      <td>0.036426</td>\n",
       "      <td>-0.030972</td>\n",
       "      <td>-0.054408</td>\n",
       "      <td>-0.051558</td>\n",
       "      <td>-0.056996</td>\n",
       "      <td>-0.045784</td>\n",
       "      <td>-0.096015</td>\n",
       "      <td>-0.025700</td>\n",
       "    </tr>\n",
       "    <tr>\n",
       "      <th>평균할부개월수</th>\n",
       "      <td>0.093048</td>\n",
       "      <td>-0.020066</td>\n",
       "      <td>0.137335</td>\n",
       "      <td>-0.037878</td>\n",
       "      <td>0.407556</td>\n",
       "      <td>1.000000</td>\n",
       "      <td>-0.002074</td>\n",
       "      <td>-0.076343</td>\n",
       "      <td>0.097727</td>\n",
       "      <td>-0.001625</td>\n",
       "      <td>-0.015512</td>\n",
       "      <td>-0.037181</td>\n",
       "      <td>-0.029433</td>\n",
       "      <td>-0.035267</td>\n",
       "      <td>-0.061617</td>\n",
       "      <td>-0.056620</td>\n",
       "      <td>-0.006523</td>\n",
       "    </tr>\n",
       "    <tr>\n",
       "      <th>구매브랜드종류</th>\n",
       "      <td>0.154303</td>\n",
       "      <td>0.083988</td>\n",
       "      <td>0.714774</td>\n",
       "      <td>0.869075</td>\n",
       "      <td>0.002931</td>\n",
       "      <td>-0.002074</td>\n",
       "      <td>1.000000</td>\n",
       "      <td>0.780303</td>\n",
       "      <td>-0.234547</td>\n",
       "      <td>-0.080674</td>\n",
       "      <td>0.753557</td>\n",
       "      <td>0.752453</td>\n",
       "      <td>0.768225</td>\n",
       "      <td>0.732592</td>\n",
       "      <td>0.544562</td>\n",
       "      <td>0.557397</td>\n",
       "      <td>0.809973</td>\n",
       "    </tr>\n",
       "    <tr>\n",
       "      <th>내점일수</th>\n",
       "      <td>0.212969</td>\n",
       "      <td>0.084255</td>\n",
       "      <td>0.617210</td>\n",
       "      <td>0.942115</td>\n",
       "      <td>-0.091136</td>\n",
       "      <td>-0.076343</td>\n",
       "      <td>0.780303</td>\n",
       "      <td>1.000000</td>\n",
       "      <td>-0.225363</td>\n",
       "      <td>-0.114795</td>\n",
       "      <td>0.827788</td>\n",
       "      <td>0.820413</td>\n",
       "      <td>0.832312</td>\n",
       "      <td>0.814047</td>\n",
       "      <td>0.603499</td>\n",
       "      <td>0.622984</td>\n",
       "      <td>0.873686</td>\n",
       "    </tr>\n",
       "    <tr>\n",
       "      <th>수입상품_구매비율</th>\n",
       "      <td>-0.017958</td>\n",
       "      <td>-0.021294</td>\n",
       "      <td>-0.048053</td>\n",
       "      <td>-0.210022</td>\n",
       "      <td>0.189608</td>\n",
       "      <td>0.097727</td>\n",
       "      <td>-0.234547</td>\n",
       "      <td>-0.225363</td>\n",
       "      <td>1.000000</td>\n",
       "      <td>0.016123</td>\n",
       "      <td>-0.143282</td>\n",
       "      <td>-0.159061</td>\n",
       "      <td>-0.170131</td>\n",
       "      <td>-0.154914</td>\n",
       "      <td>-0.102365</td>\n",
       "      <td>-0.150986</td>\n",
       "      <td>-0.175920</td>\n",
       "    </tr>\n",
       "    <tr>\n",
       "      <th>주말방문비율</th>\n",
       "      <td>-0.162393</td>\n",
       "      <td>0.020457</td>\n",
       "      <td>-0.048515</td>\n",
       "      <td>-0.096558</td>\n",
       "      <td>0.036426</td>\n",
       "      <td>-0.001625</td>\n",
       "      <td>-0.080674</td>\n",
       "      <td>-0.114795</td>\n",
       "      <td>0.016123</td>\n",
       "      <td>1.000000</td>\n",
       "      <td>-0.093130</td>\n",
       "      <td>-0.091832</td>\n",
       "      <td>-0.083555</td>\n",
       "      <td>-0.100046</td>\n",
       "      <td>-0.102636</td>\n",
       "      <td>-0.027938</td>\n",
       "      <td>-0.100132</td>\n",
       "    </tr>\n",
       "    <tr>\n",
       "      <th>가을_구매건수</th>\n",
       "      <td>0.169628</td>\n",
       "      <td>0.082396</td>\n",
       "      <td>0.636912</td>\n",
       "      <td>0.890560</td>\n",
       "      <td>-0.030972</td>\n",
       "      <td>-0.015512</td>\n",
       "      <td>0.753557</td>\n",
       "      <td>0.827788</td>\n",
       "      <td>-0.143282</td>\n",
       "      <td>-0.093130</td>\n",
       "      <td>1.000000</td>\n",
       "      <td>0.715812</td>\n",
       "      <td>0.728004</td>\n",
       "      <td>0.714070</td>\n",
       "      <td>0.562094</td>\n",
       "      <td>0.545395</td>\n",
       "      <td>0.836476</td>\n",
       "    </tr>\n",
       "    <tr>\n",
       "      <th>겨울_구매건수</th>\n",
       "      <td>0.164004</td>\n",
       "      <td>0.062853</td>\n",
       "      <td>0.598012</td>\n",
       "      <td>0.872558</td>\n",
       "      <td>-0.054408</td>\n",
       "      <td>-0.037181</td>\n",
       "      <td>0.752453</td>\n",
       "      <td>0.820413</td>\n",
       "      <td>-0.159061</td>\n",
       "      <td>-0.091832</td>\n",
       "      <td>0.715812</td>\n",
       "      <td>1.000000</td>\n",
       "      <td>0.727993</td>\n",
       "      <td>0.680019</td>\n",
       "      <td>0.539378</td>\n",
       "      <td>0.576646</td>\n",
       "      <td>0.807451</td>\n",
       "    </tr>\n",
       "    <tr>\n",
       "      <th>봄_구매건수</th>\n",
       "      <td>0.189248</td>\n",
       "      <td>0.073478</td>\n",
       "      <td>0.621589</td>\n",
       "      <td>0.891125</td>\n",
       "      <td>-0.051558</td>\n",
       "      <td>-0.029433</td>\n",
       "      <td>0.768225</td>\n",
       "      <td>0.832312</td>\n",
       "      <td>-0.170131</td>\n",
       "      <td>-0.083555</td>\n",
       "      <td>0.728004</td>\n",
       "      <td>0.727993</td>\n",
       "      <td>1.000000</td>\n",
       "      <td>0.695559</td>\n",
       "      <td>0.582013</td>\n",
       "      <td>0.551262</td>\n",
       "      <td>0.833013</td>\n",
       "    </tr>\n",
       "    <tr>\n",
       "      <th>여름_구매건수</th>\n",
       "      <td>0.209086</td>\n",
       "      <td>0.098237</td>\n",
       "      <td>0.600210</td>\n",
       "      <td>0.879405</td>\n",
       "      <td>-0.056996</td>\n",
       "      <td>-0.035267</td>\n",
       "      <td>0.732592</td>\n",
       "      <td>0.814047</td>\n",
       "      <td>-0.154914</td>\n",
       "      <td>-0.100046</td>\n",
       "      <td>0.714070</td>\n",
       "      <td>0.680019</td>\n",
       "      <td>0.695559</td>\n",
       "      <td>1.000000</td>\n",
       "      <td>0.541327</td>\n",
       "      <td>0.517729</td>\n",
       "      <td>0.839610</td>\n",
       "    </tr>\n",
       "    <tr>\n",
       "      <th>아침_구매건수</th>\n",
       "      <td>0.170199</td>\n",
       "      <td>0.117025</td>\n",
       "      <td>0.411808</td>\n",
       "      <td>0.643542</td>\n",
       "      <td>-0.045784</td>\n",
       "      <td>-0.061617</td>\n",
       "      <td>0.544562</td>\n",
       "      <td>0.603499</td>\n",
       "      <td>-0.102365</td>\n",
       "      <td>-0.102636</td>\n",
       "      <td>0.562094</td>\n",
       "      <td>0.539378</td>\n",
       "      <td>0.582013</td>\n",
       "      <td>0.541327</td>\n",
       "      <td>1.000000</td>\n",
       "      <td>0.102727</td>\n",
       "      <td>0.479174</td>\n",
       "    </tr>\n",
       "    <tr>\n",
       "      <th>저녁_구매건수</th>\n",
       "      <td>0.025959</td>\n",
       "      <td>-0.017439</td>\n",
       "      <td>0.375806</td>\n",
       "      <td>0.631686</td>\n",
       "      <td>-0.096015</td>\n",
       "      <td>-0.056620</td>\n",
       "      <td>0.557397</td>\n",
       "      <td>0.622984</td>\n",
       "      <td>-0.150986</td>\n",
       "      <td>-0.027938</td>\n",
       "      <td>0.545395</td>\n",
       "      <td>0.576646</td>\n",
       "      <td>0.551262</td>\n",
       "      <td>0.517729</td>\n",
       "      <td>0.102727</td>\n",
       "      <td>1.000000</td>\n",
       "      <td>0.445585</td>\n",
       "    </tr>\n",
       "    <tr>\n",
       "      <th>점심_구매건수</th>\n",
       "      <td>0.245526</td>\n",
       "      <td>0.098814</td>\n",
       "      <td>0.705898</td>\n",
       "      <td>0.944120</td>\n",
       "      <td>-0.025700</td>\n",
       "      <td>-0.006523</td>\n",
       "      <td>0.809973</td>\n",
       "      <td>0.873686</td>\n",
       "      <td>-0.175920</td>\n",
       "      <td>-0.100132</td>\n",
       "      <td>0.836476</td>\n",
       "      <td>0.807451</td>\n",
       "      <td>0.833013</td>\n",
       "      <td>0.839610</td>\n",
       "      <td>0.479174</td>\n",
       "      <td>0.445585</td>\n",
       "      <td>1.000000</td>\n",
       "    </tr>\n",
       "  </tbody>\n",
       "</table>\n",
       "</div>"
      ],
      "text/plain": [
       "             custid    gender      총구매액      구매건수    평균구매가격   평균할부개월수  \\\n",
       "custid     1.000000  0.262472  0.217251  0.218914  0.117939  0.093048   \n",
       "gender     0.262472  1.000000  0.099137  0.094022  0.072181 -0.020066   \n",
       "총구매액       0.217251  0.099137  1.000000  0.712183  0.376395  0.137335   \n",
       "구매건수       0.218914  0.094022  0.712183  1.000000 -0.057376 -0.037878   \n",
       "평균구매가격     0.117939  0.072181  0.376395 -0.057376  1.000000  0.407556   \n",
       "평균할부개월수    0.093048 -0.020066  0.137335 -0.037878  0.407556  1.000000   \n",
       "구매브랜드종류    0.154303  0.083988  0.714774  0.869075  0.002931 -0.002074   \n",
       "내점일수       0.212969  0.084255  0.617210  0.942115 -0.091136 -0.076343   \n",
       "수입상품_구매비율 -0.017958 -0.021294 -0.048053 -0.210022  0.189608  0.097727   \n",
       "주말방문비율    -0.162393  0.020457 -0.048515 -0.096558  0.036426 -0.001625   \n",
       "가을_구매건수    0.169628  0.082396  0.636912  0.890560 -0.030972 -0.015512   \n",
       "겨울_구매건수    0.164004  0.062853  0.598012  0.872558 -0.054408 -0.037181   \n",
       "봄_구매건수     0.189248  0.073478  0.621589  0.891125 -0.051558 -0.029433   \n",
       "여름_구매건수    0.209086  0.098237  0.600210  0.879405 -0.056996 -0.035267   \n",
       "아침_구매건수    0.170199  0.117025  0.411808  0.643542 -0.045784 -0.061617   \n",
       "저녁_구매건수    0.025959 -0.017439  0.375806  0.631686 -0.096015 -0.056620   \n",
       "점심_구매건수    0.245526  0.098814  0.705898  0.944120 -0.025700 -0.006523   \n",
       "\n",
       "            구매브랜드종류      내점일수  수입상품_구매비율    주말방문비율   가을_구매건수   겨울_구매건수  \\\n",
       "custid     0.154303  0.212969  -0.017958 -0.162393  0.169628  0.164004   \n",
       "gender     0.083988  0.084255  -0.021294  0.020457  0.082396  0.062853   \n",
       "총구매액       0.714774  0.617210  -0.048053 -0.048515  0.636912  0.598012   \n",
       "구매건수       0.869075  0.942115  -0.210022 -0.096558  0.890560  0.872558   \n",
       "평균구매가격     0.002931 -0.091136   0.189608  0.036426 -0.030972 -0.054408   \n",
       "평균할부개월수   -0.002074 -0.076343   0.097727 -0.001625 -0.015512 -0.037181   \n",
       "구매브랜드종류    1.000000  0.780303  -0.234547 -0.080674  0.753557  0.752453   \n",
       "내점일수       0.780303  1.000000  -0.225363 -0.114795  0.827788  0.820413   \n",
       "수입상품_구매비율 -0.234547 -0.225363   1.000000  0.016123 -0.143282 -0.159061   \n",
       "주말방문비율    -0.080674 -0.114795   0.016123  1.000000 -0.093130 -0.091832   \n",
       "가을_구매건수    0.753557  0.827788  -0.143282 -0.093130  1.000000  0.715812   \n",
       "겨울_구매건수    0.752453  0.820413  -0.159061 -0.091832  0.715812  1.000000   \n",
       "봄_구매건수     0.768225  0.832312  -0.170131 -0.083555  0.728004  0.727993   \n",
       "여름_구매건수    0.732592  0.814047  -0.154914 -0.100046  0.714070  0.680019   \n",
       "아침_구매건수    0.544562  0.603499  -0.102365 -0.102636  0.562094  0.539378   \n",
       "저녁_구매건수    0.557397  0.622984  -0.150986 -0.027938  0.545395  0.576646   \n",
       "점심_구매건수    0.809973  0.873686  -0.175920 -0.100132  0.836476  0.807451   \n",
       "\n",
       "             봄_구매건수   여름_구매건수   아침_구매건수   저녁_구매건수   점심_구매건수  \n",
       "custid     0.189248  0.209086  0.170199  0.025959  0.245526  \n",
       "gender     0.073478  0.098237  0.117025 -0.017439  0.098814  \n",
       "총구매액       0.621589  0.600210  0.411808  0.375806  0.705898  \n",
       "구매건수       0.891125  0.879405  0.643542  0.631686  0.944120  \n",
       "평균구매가격    -0.051558 -0.056996 -0.045784 -0.096015 -0.025700  \n",
       "평균할부개월수   -0.029433 -0.035267 -0.061617 -0.056620 -0.006523  \n",
       "구매브랜드종류    0.768225  0.732592  0.544562  0.557397  0.809973  \n",
       "내점일수       0.832312  0.814047  0.603499  0.622984  0.873686  \n",
       "수입상품_구매비율 -0.170131 -0.154914 -0.102365 -0.150986 -0.175920  \n",
       "주말방문비율    -0.083555 -0.100046 -0.102636 -0.027938 -0.100132  \n",
       "가을_구매건수    0.728004  0.714070  0.562094  0.545395  0.836476  \n",
       "겨울_구매건수    0.727993  0.680019  0.539378  0.576646  0.807451  \n",
       "봄_구매건수     1.000000  0.695559  0.582013  0.551262  0.833013  \n",
       "여름_구매건수    0.695559  1.000000  0.541327  0.517729  0.839610  \n",
       "아침_구매건수    0.582013  0.541327  1.000000  0.102727  0.479174  \n",
       "저녁_구매건수    0.551262  0.517729  0.102727  1.000000  0.445585  \n",
       "점심_구매건수    0.833013  0.839610  0.479174  0.445585  1.000000  "
      ]
     },
     "execution_count": 4,
     "metadata": {},
     "output_type": "execute_result"
    }
   ],
   "source": [
    "data.corr()"
   ]
  },
  {
   "cell_type": "code",
   "execution_count": 5,
   "metadata": {},
   "outputs": [
    {
     "data": {
      "text/html": [
       "<div>\n",
       "<style scoped>\n",
       "    .dataframe tbody tr th:only-of-type {\n",
       "        vertical-align: middle;\n",
       "    }\n",
       "\n",
       "    .dataframe tbody tr th {\n",
       "        vertical-align: top;\n",
       "    }\n",
       "\n",
       "    .dataframe thead th {\n",
       "        text-align: right;\n",
       "    }\n",
       "</style>\n",
       "<table border=\"1\" class=\"dataframe\">\n",
       "  <thead>\n",
       "    <tr style=\"text-align: right;\">\n",
       "      <th></th>\n",
       "      <th>gender</th>\n",
       "    </tr>\n",
       "  </thead>\n",
       "  <tbody>\n",
       "    <tr>\n",
       "      <th>gender</th>\n",
       "      <td>1.000000</td>\n",
       "    </tr>\n",
       "    <tr>\n",
       "      <th>custid</th>\n",
       "      <td>0.262472</td>\n",
       "    </tr>\n",
       "    <tr>\n",
       "      <th>아침_구매건수</th>\n",
       "      <td>0.117025</td>\n",
       "    </tr>\n",
       "    <tr>\n",
       "      <th>총구매액</th>\n",
       "      <td>0.099137</td>\n",
       "    </tr>\n",
       "    <tr>\n",
       "      <th>점심_구매건수</th>\n",
       "      <td>0.098814</td>\n",
       "    </tr>\n",
       "    <tr>\n",
       "      <th>여름_구매건수</th>\n",
       "      <td>0.098237</td>\n",
       "    </tr>\n",
       "    <tr>\n",
       "      <th>구매건수</th>\n",
       "      <td>0.094022</td>\n",
       "    </tr>\n",
       "    <tr>\n",
       "      <th>내점일수</th>\n",
       "      <td>0.084255</td>\n",
       "    </tr>\n",
       "    <tr>\n",
       "      <th>구매브랜드종류</th>\n",
       "      <td>0.083988</td>\n",
       "    </tr>\n",
       "    <tr>\n",
       "      <th>가을_구매건수</th>\n",
       "      <td>0.082396</td>\n",
       "    </tr>\n",
       "    <tr>\n",
       "      <th>봄_구매건수</th>\n",
       "      <td>0.073478</td>\n",
       "    </tr>\n",
       "    <tr>\n",
       "      <th>평균구매가격</th>\n",
       "      <td>0.072181</td>\n",
       "    </tr>\n",
       "    <tr>\n",
       "      <th>겨울_구매건수</th>\n",
       "      <td>0.062853</td>\n",
       "    </tr>\n",
       "    <tr>\n",
       "      <th>주말방문비율</th>\n",
       "      <td>0.020457</td>\n",
       "    </tr>\n",
       "    <tr>\n",
       "      <th>저녁_구매건수</th>\n",
       "      <td>-0.017439</td>\n",
       "    </tr>\n",
       "    <tr>\n",
       "      <th>평균할부개월수</th>\n",
       "      <td>-0.020066</td>\n",
       "    </tr>\n",
       "    <tr>\n",
       "      <th>수입상품_구매비율</th>\n",
       "      <td>-0.021294</td>\n",
       "    </tr>\n",
       "  </tbody>\n",
       "</table>\n",
       "</div>"
      ],
      "text/plain": [
       "             gender\n",
       "gender     1.000000\n",
       "custid     0.262472\n",
       "아침_구매건수    0.117025\n",
       "총구매액       0.099137\n",
       "점심_구매건수    0.098814\n",
       "여름_구매건수    0.098237\n",
       "구매건수       0.094022\n",
       "내점일수       0.084255\n",
       "구매브랜드종류    0.083988\n",
       "가을_구매건수    0.082396\n",
       "봄_구매건수     0.073478\n",
       "평균구매가격     0.072181\n",
       "겨울_구매건수    0.062853\n",
       "주말방문비율     0.020457\n",
       "저녁_구매건수   -0.017439\n",
       "평균할부개월수   -0.020066\n",
       "수입상품_구매비율 -0.021294"
      ]
     },
     "execution_count": 5,
     "metadata": {},
     "output_type": "execute_result"
    }
   ],
   "source": [
    "pd.DataFrame((data.corr()['gender']).sort_values(ascending = False))"
   ]
  },
  {
   "cell_type": "markdown",
   "metadata": {},
   "source": [
    "- 상관계수가 전반적으로 적은 것을 알 수 있음\n",
    "- 가장 큰 상관계수를 지닌 컬럼은 '아침_구매건수'"
   ]
  },
  {
   "cell_type": "code",
   "execution_count": 6,
   "metadata": {},
   "outputs": [
    {
     "data": {
      "text/html": [
       "<div>\n",
       "<style scoped>\n",
       "    .dataframe tbody tr th:only-of-type {\n",
       "        vertical-align: middle;\n",
       "    }\n",
       "\n",
       "    .dataframe tbody tr th {\n",
       "        vertical-align: top;\n",
       "    }\n",
       "\n",
       "    .dataframe thead th {\n",
       "        text-align: right;\n",
       "    }\n",
       "</style>\n",
       "<table border=\"1\" class=\"dataframe\">\n",
       "  <thead>\n",
       "    <tr style=\"text-align: right;\">\n",
       "      <th>gender</th>\n",
       "      <th>0</th>\n",
       "      <th>1</th>\n",
       "      <th>All</th>\n",
       "    </tr>\n",
       "    <tr>\n",
       "      <th>주구매코너</th>\n",
       "      <th></th>\n",
       "      <th></th>\n",
       "      <th></th>\n",
       "    </tr>\n",
       "  </thead>\n",
       "  <tbody>\n",
       "    <tr>\n",
       "      <th>가구</th>\n",
       "      <td>6</td>\n",
       "      <td>1</td>\n",
       "      <td>7</td>\n",
       "    </tr>\n",
       "    <tr>\n",
       "      <th>가전</th>\n",
       "      <td>13</td>\n",
       "      <td>5</td>\n",
       "      <td>18</td>\n",
       "    </tr>\n",
       "    <tr>\n",
       "      <th>기타바이어</th>\n",
       "      <td>9</td>\n",
       "      <td>3</td>\n",
       "      <td>12</td>\n",
       "    </tr>\n",
       "    <tr>\n",
       "      <th>니트단품</th>\n",
       "      <td>74</td>\n",
       "      <td>17</td>\n",
       "      <td>91</td>\n",
       "    </tr>\n",
       "    <tr>\n",
       "      <th>도자기크리스탈</th>\n",
       "      <td>6</td>\n",
       "      <td>5</td>\n",
       "      <td>11</td>\n",
       "    </tr>\n",
       "    <tr>\n",
       "      <th>디자이너부띠끄</th>\n",
       "      <td>38</td>\n",
       "      <td>13</td>\n",
       "      <td>51</td>\n",
       "    </tr>\n",
       "    <tr>\n",
       "      <th>문화완구</th>\n",
       "      <td>21</td>\n",
       "      <td>17</td>\n",
       "      <td>38</td>\n",
       "    </tr>\n",
       "    <tr>\n",
       "      <th>섬유</th>\n",
       "      <td>75</td>\n",
       "      <td>21</td>\n",
       "      <td>96</td>\n",
       "    </tr>\n",
       "    <tr>\n",
       "      <th>수입명품</th>\n",
       "      <td>85</td>\n",
       "      <td>51</td>\n",
       "      <td>136</td>\n",
       "    </tr>\n",
       "    <tr>\n",
       "      <th>스포츠</th>\n",
       "      <td>180</td>\n",
       "      <td>121</td>\n",
       "      <td>301</td>\n",
       "    </tr>\n",
       "    <tr>\n",
       "      <th>엘레강스캐주얼</th>\n",
       "      <td>60</td>\n",
       "      <td>18</td>\n",
       "      <td>78</td>\n",
       "    </tr>\n",
       "    <tr>\n",
       "      <th>영캐주얼</th>\n",
       "      <td>196</td>\n",
       "      <td>50</td>\n",
       "      <td>246</td>\n",
       "    </tr>\n",
       "    <tr>\n",
       "      <th>유니캐주얼</th>\n",
       "      <td>301</td>\n",
       "      <td>109</td>\n",
       "      <td>410</td>\n",
       "    </tr>\n",
       "    <tr>\n",
       "      <th>유아동복</th>\n",
       "      <td>241</td>\n",
       "      <td>142</td>\n",
       "      <td>383</td>\n",
       "    </tr>\n",
       "    <tr>\n",
       "      <th>일반식품</th>\n",
       "      <td>854</td>\n",
       "      <td>452</td>\n",
       "      <td>1306</td>\n",
       "    </tr>\n",
       "    <tr>\n",
       "      <th>장신구</th>\n",
       "      <td>52</td>\n",
       "      <td>16</td>\n",
       "      <td>68</td>\n",
       "    </tr>\n",
       "    <tr>\n",
       "      <th>정장셔츠</th>\n",
       "      <td>45</td>\n",
       "      <td>45</td>\n",
       "      <td>90</td>\n",
       "    </tr>\n",
       "    <tr>\n",
       "      <th>조리욕실</th>\n",
       "      <td>24</td>\n",
       "      <td>4</td>\n",
       "      <td>28</td>\n",
       "    </tr>\n",
       "    <tr>\n",
       "      <th>침구수예</th>\n",
       "      <td>7</td>\n",
       "      <td>1</td>\n",
       "      <td>8</td>\n",
       "    </tr>\n",
       "    <tr>\n",
       "      <th>캐릭터캐주얼</th>\n",
       "      <td>140</td>\n",
       "      <td>48</td>\n",
       "      <td>188</td>\n",
       "    </tr>\n",
       "    <tr>\n",
       "      <th>타운모피</th>\n",
       "      <td>4</td>\n",
       "      <td>2</td>\n",
       "      <td>6</td>\n",
       "    </tr>\n",
       "    <tr>\n",
       "      <th>트래디셔널캐주얼</th>\n",
       "      <td>57</td>\n",
       "      <td>34</td>\n",
       "      <td>91</td>\n",
       "    </tr>\n",
       "    <tr>\n",
       "      <th>피혁A</th>\n",
       "      <td>46</td>\n",
       "      <td>29</td>\n",
       "      <td>75</td>\n",
       "    </tr>\n",
       "    <tr>\n",
       "      <th>피혁B</th>\n",
       "      <td>46</td>\n",
       "      <td>10</td>\n",
       "      <td>56</td>\n",
       "    </tr>\n",
       "    <tr>\n",
       "      <th>화장품</th>\n",
       "      <td>899</td>\n",
       "      <td>307</td>\n",
       "      <td>1206</td>\n",
       "    </tr>\n",
       "    <tr>\n",
       "      <th>All</th>\n",
       "      <td>3479</td>\n",
       "      <td>1521</td>\n",
       "      <td>5000</td>\n",
       "    </tr>\n",
       "  </tbody>\n",
       "</table>\n",
       "</div>"
      ],
      "text/plain": [
       "gender       0     1   All\n",
       "주구매코너                     \n",
       "가구           6     1     7\n",
       "가전          13     5    18\n",
       "기타바이어        9     3    12\n",
       "니트단품        74    17    91\n",
       "도자기크리스탈      6     5    11\n",
       "디자이너부띠끄     38    13    51\n",
       "문화완구        21    17    38\n",
       "섬유          75    21    96\n",
       "수입명품        85    51   136\n",
       "스포츠        180   121   301\n",
       "엘레강스캐주얼     60    18    78\n",
       "영캐주얼       196    50   246\n",
       "유니캐주얼      301   109   410\n",
       "유아동복       241   142   383\n",
       "일반식품       854   452  1306\n",
       "장신구         52    16    68\n",
       "정장셔츠        45    45    90\n",
       "조리욕실        24     4    28\n",
       "침구수예         7     1     8\n",
       "캐릭터캐주얼     140    48   188\n",
